4848	8788	13
-0.27916350960731506	0.03512470796704292	0.1156332865357399	0.07282320410013199	0.6630820631980896	1.0	0	0.0	0	0.0	0	-0.26390907168388367	-0.9583331942558289	0.10931396484375	-0.9048007726669312	0.28523409366607666	0.31619179248809814	-0.33419713377952576	-0.015461469069123268	-0.942376434803009
-0.224807009100914	0.021330934017896652	0.04471687600016594	0.055651769042015076	0.6931429505348206	1.0	0	0.0	0	0.0	0	-0.109099842607975	-0.9937939643859863	0.021701589226722717	-0.9591062068939209	0.11097778379917145	0.26038292050361633	-0.26117533445358276	0.007593605667352676	-0.9652615189552307
-0.21176357567310333	0.021330934017896652	0.08771532773971558	0.05556372553110123	0.6631326079368591	1.0	0	0.0	0	0.0	0	-0.10276828706264496	-0.9937941431999207	0.042568229138851166	-0.9069613218307495	0.11119122803211212	0.4062729775905609	-0.40848487615585327	0.003144238144159317	-0.9127596616744995
-0.5013331174850464	0.8212189674377441	0.20765896141529083	0.2951950430870056	0.6624293327331543	1.0	0	0.0	0	0.0	0	-0.8952575325965881	0.24698732793331146	0.3708251714706421	0.23190492391586304	0.9689727425575256	-0.08551030606031418	-0.3804394602775574	0.00944244209676981	-0.924757719039917
-0.5617998242378235	0.6904579401016235	0.11174899339675903	0.2538524866104126	0.6925610303878784	1.0	0	0.0	0	0.0	0	-0.9679320454597473	0.16136176884174347	0.1925354301929474	0.15587405860424042	0.9868221879005432	-0.043419864028692245	-0.1970045417547226	-0.01201619766652584	-0.9803289175033569
-0.5292038321495056	0.6904579401016235	0.21920350193977356	0.25376439094543457	0.6625509262084961	1.0	0	0.0	0	0.0	0	-0.9117715358734131	0.16136187314987183	0.3776705265045166	0.1444082409143448	0.9868221879005432	-0.07299526780843735	-0.3844723105430603	-0.01201627217233181	-0.9230583310127258
-0.5020996332168579	0.2449120432138443	0.20797643065452576	0.14807671308517456	0.6628610491752625	1.0	0	0.0	0	0.0	0	-0.8293715715408325	-0.4405958950519562	0.3435375690460205	-0.4102487862110138	0.8976741433143616	0.16086414456367493	-0.3792608380317688	-0.007519721984863281	-0.9252592325210571
-0.4689396321773529	0.1483079493045807	0.09327796846628189	0.12179756909608841	0.6929485201835632	1.0	0	0.0	0	0.0	0	-0.7352834939956665	-0.661790668964386	0.1462579369544983	-0.6429405212402344	0.7493524551391602	0.15842454135417938	-0.21444261074066162	0.022451793774962425	-0.9764784574508667
-0.4417314827442169	0.1483079493045807	0.1829712688922882	0.12170951068401337	0.6629385352134705	1.0	0	0.0	0	0.0	0	-0.692621111869812	-0.6617907881736755	0.2868953347206116	-0.5996794700622559	0.7493523359298706	0.2808125615119934	-0.4008248746395111	0.022451462224125862	-0.9158796072006226
-0.3887104094028473	0.09917080402374268	0.16100910305976868	0.10418436676263809	0.6629899740219116	1.0	0	0.0	0	0.0	0	-0.5677757859230042	-0.7888734936714172	0.23517923057079315	-0.7358384728431702	0.6144486665725708	0.28459563851356506	-0.36901548504829407	-0.011467412114143372	-0.9293525218963623
-0.41265276074409485	0.09917080402374268	0.08208172768354416	0.10427244007587433	0.693000078201294	1.0	0	0.0	0	0.0	0	-0.6027470231056213	-0.7888737320899963	0.11989248543977737	-0.7772200703620911	0.6144484281539917	0.13558118045330048	-0.18062417209148407	-0.011461690999567509	-0.9834854602813721
-0.10795610398054123	0.018398689106106758	0.04471687972545624	0.029341842979192734	0.663209855556488	1.0	0	0.0	0	0.0	0	-0.03744928538799286	-0.9991781711578369	0.015512000769376755	-0.6964657306671143	0.037229008972644806	0.7166237235069275	-0.7166122198104858	0.016033468768000603	-0.6972874999046326
-0.11460558325052261	0.018398689106106758	0.022796472534537315	0.029429946094751358	0.6932200193405151	1.0	0	0.0	0	0.0	0	-0.039755892008543015	-0.9991781115531921	0.007907938212156296	-0.827446460723877	0.037357397377491	0.5603005886077881	-0.560135543346405	0.01573185622692108	-0.8282516598701477
-0.57616126537323	0.5425665378570557	0.11460557579994202	0.2149941325187683	0.6926751136779785	1.0	0	0.0	0	0.0	0	-0.9793637990951538	0.05382229760289192	0.19480712711811066	0.0527648888528347	0.998550534248352	-0.01061699166893959	-0.1950961947441101	-0.0001189215254271403	-0.9807841777801514
-0.5728061199188232	0.6904579401016235	5.784749035342429e-08	0.25394052267074585	0.7225712537765503	1.0	0	0.0	0	0.0	0	-0.9868953227996826	0.16136164963245392	1.4501910072795e-06	0.16134966909885406	0.9868221879005432	-0.012175841256976128	-0.0019661448895931244	-0.012016046792268753	-0.9999258518218994
-0.5874489545822144	0.5425665378570557	-3.5975364909290874e-08	0.21508218348026276	0.7226852774620056	1.0	0	0.0	0	0.0	0	-0.998550534248352	0.053822342306375504	-1.8418508318518434e-07	0.05382233485579491	0.998550534248352	-0.00011778332554968074	-6.155456503620371e-06	-0.00011762251233449206	-1.0
-0.5441312193870544	0.379850834608078	0.22538639605045319	0.17991353571414948	0.662767767906189	1.0	0	0.0	0	0.0	0	-0.9126138091087341	-0.15569330751895905	0.3780153691768646	-0.1481897234916687	0.9877414703369141	0.04905818775296211	-0.3810195028781891	-0.011246816255152225	-0.9244986176490784
-0.5776466727256775	0.379850834608078	0.11490091681480408	0.1800016313791275	0.6927778720855713	1.0	0	0.0	0	0.0	0	-0.9688252806663513	-0.1556934267282486	0.19271032512187958	-0.15491342544555664	0.9877414703369141	0.019204100593924522	-0.19333790242671967	-0.011247995309531689	-0.9810678362846375
-0.5330260992050171	0.24491220712661743	0.10602544993162155	0.14816483855247498	0.6928712129592896	1.0	0	0.0	0	0.0	0	-0.8804562091827393	-0.4405960440635681	0.17513428628444672	-0.43374866247177124	0.8976739645004272	0.07773983478546143	-0.1914653480052948	-0.007517746649682522	-0.9814705848693848
-0.5427321195602417	0.5425665378570557	0.22480696439743042	0.21490606665611267	0.6626650094985962	1.0	0	0.0	0	0.0	0	-0.9225406050682068	0.053822122514247894	0.38212820887565613	0.04967960715293884	0.998550534248352	-0.020706798881292343	-0.38268882036209106	-0.00011888332664966583	-0.9238772988319397
-0.501619815826416	0.9325719475746155	0.0997784286737442	0.33915257453918457	0.6923106908798218	0.7499022238782207	0	0.2500977761217793	1	0.0	0	-0.9618323445320129	0.1927984058856964	0.19418418407440186	0.18648406863212585	0.9811609983444214	-0.05046674981713295	-0.20025582611560822	-0.012328296899795532	-0.9796661138534546
-0.5322123765945435	0.8212189674377441	0.10586360841989517	0.29528313875198364	0.6924394965171814	1.0	0	0.0	0	0.0	0	-0.95039963722229	0.24698755145072937	0.18904396891593933	0.24413150548934937	0.9689726233482361	-0.038624200969934464	-0.19271814823150635	0.009443164803087711	-0.9812088012695312
-0.3376403748989105	0.06047242879867554	0.13985523581504822	0.08868350088596344	0.6630354523658752	1.0	0	0.0	0	0.0	0	-0.4446432292461395	-0.8765678405761719	0.18417741358280182	-0.8013219237327576	0.48116442561149597	0.3554772734642029	-0.400219589471817	0.010475174523890018	-0.9163594841957092
-0.35843706130981445	0.06047242879867554	0.07129760831594467	0.08877154439687729	0.6930455565452576	1.0	0	0.0	0	0.0	0	-0.4720275402069092	-0.8765696287155151	0.09389231353998184	-0.855275571346283	0.48116111755371094	0.19232217967510223	-0.2137610763311386	0.010477565228939056	-0.9768297672271729
-0.2963584065437317	0.03512470796704292	0.05894932895898819	0.07291124761104584	0.6930921673774719	1.0	0	0.0	0	0.0	0	-0.28016430139541626	-0.9583331346511841	0.0557275116443634	-0.9491013884544373	0.28523415327072144	0.13359692692756653	-0.1439257562160492	-0.015461966395378113	-0.9894677400588989
0.0	0.011739708483219147	0.0	0.0009765625	0.48323044180870056	1.0	0	0.0	0	0.0	0	-1.7291073461933593e-08	-1.0	-1.755137013503827e-08	-0.0002869813470169902	-1.7694874898666058e-08	1.0	-1.0	1.7296111209930132e-08	-0.0002869813470169902
-0.34983009099960327	0.09917080402374268	0.23374903202056885	0.10409629344940186	0.6329797506332397	1.0	0	0.0	0	0.0	0	-0.5109848976135254	-0.7888736724853516	0.3414274752140045	-0.6760280728340149	0.6141347289085388	0.4072157144546509	-0.5309242010116577	-0.022733481600880623	-0.8471143245697021
-0.30386829376220703	0.06047242879867554	0.2030383050441742	0.0885954275727272	0.6330253481864929	1.0	0	0.0	0	0.0	0	-0.40016645193099976	-0.8765686750411987	0.26738402247428894	-0.7059321403503418	0.48088839650154114	0.5200060606002808	-0.5844027996063232	0.019333988428115845	-0.8112333416938782
-0.467887282371521	0.9854071140289307	0.18780198693275452	0.36312639713287354	0.6639112830162048	0.500126735383223	1	0.49987326461677695	0	0.0	0	-0.9190680980682373	0.0018784347921609879	0.39409446716308594	0.0007700049318373203	0.9999953508377075	-0.002970712725073099	-0.3940981924533844	-0.0024268324486911297	-0.9190652370452881
-0.47251564264297485	0.9325719475746155	0.19572237133979797	0.33906450867652893	0.6623005867004395	0.7496753697656782	0	0.25032463023432183	1	0.0	0	-0.9017335772514343	0.2071928232908249	0.3794044256210327	0.18607330322265625	0.9782224893569946	-0.09196549654006958	-0.3901965618133545	-0.012331338599324226	-0.9206491112709045
-0.2512405514717102	0.03512470796704292	0.1678735464811325	0.07273516058921814	0.6330719590187073	1.0	0	0.0	0	0.0	0	-0.23751208186149597	-0.9583331942558289	0.15869975090026855	-0.8257287740707397	0.2852341830730438	0.4866347908973694	-0.5116248726844788	-0.01546132005751133	-0.8590698838233948
-0.19058220088481903	0.021330934017896652	0.12734293937683105	0.055475685745477676	0.6331225037574768	1.0	0	0.0	0	0.0	0	-0.09249160438776016	-0.9937937259674072	0.06180119514465332	-0.8101204037666321	0.11119358241558075	0.5756222009658813	-0.5789216160774231	0.003173813223838806	-0.8153770565986633
-0.48970523476600647	0.37985074520111084	0.327210396528244	0.17982544004917145	0.6327574849128723	1.0	0	0.0	0	0.0	0	-0.8213310837745667	-0.1556934416294098	0.5487940907478333	-0.1357724815607071	0.9877414107322693	0.07702469825744629	-0.5540587902069092	-0.011248357594013214	-0.8324015140533447
-0.45187774300575256	0.2449120432138443	0.3019350469112396	0.1479886770248413	0.6328510046005249	1.0	0	0.0	0	0.0	0	-0.7464144825935364	-0.4405961334705353	0.49873897433280945	-0.3709845542907715	0.8976739048957825	0.23780660331249237	-0.5524816513061523	-0.007522165775299072	-0.8334911465644836
-0.39754781126976013	0.1483079493045807	0.26563307642936707	0.12162145972251892	0.6329284310340881	1.0	0	0.0	0	0.0	0	-0.6233420372009277	-0.6617909073829651	0.41650626063346863	-0.5333716869354248	0.7493521571159363	0.39241063594818115	-0.571803629398346	0.02245338447391987	-0.8200832605361938
-0.09715791791677475	0.018398689106106758	0.06491886079311371	0.029253801330924034	0.6331996917724609	1.0	0	0.0	0	0.0	0	-0.03370339423418045	-0.9991781711578369	0.022519875317811966	-0.580843985080719	0.037919189780950546	0.8131311535835266	-0.8133168816566467	0.014324747025966644	-0.581644594669342
-0.4511879086494446	0.8212189674377441	0.30147409439086914	0.29510697722435	0.632419228553772	1.0	0	0.0	0	0.0	0	-0.805711030960083	0.24698738753795624	0.5383557677268982	0.2107667475938797	0.9689727425575256	-0.12910974025726318	-0.5535405278205872	0.00944234523922205	-0.8327687978744507
-0.4884459972381592	0.5425665378570557	0.32636916637420654	0.21481800079345703	0.6326547861099243	1.0	0	0.0	0	0.0	0	-0.8302645087242126	0.05382215976715088	0.5547648072242737	0.0446862056851387	0.998550534248352	-0.029999705031514168	-0.5555753111839294	-0.00011735595762729645	-0.8314661979675293
-0.5114471912384033	0.9325719475746155	1.925554471426949e-08	0.3392406702041626	0.7223210334777832	0.7403494570369846	0	0.2596505429630154	1	0.0	0	-0.9818200469017029	0.18981428444385529	-2.3072897192832897e-07	0.18981267511844635	0.9818117618560791	-0.004107147920876741	-0.000779368681833148	-0.00403252337127924	-0.9999915361404419
-0.5426390767097473	0.8212189674377441	-3.2191302068440564e-08	0.29537126421928406	0.7224496603012085	1.0	0	0.0	0	0.0	0	-0.9690187573432922	0.2469872087240219	-1.5212744983728044e-06	0.24698635935783386	0.9690154194831848	0.0026433109305799007	0.0006543381605297327	0.002561042085289955	-0.999996542930603
-0.42108744382858276	0.9854071140289307	0.2726462781429291	0.3629910349845886	0.6344279050827026	0.5002193328324478	1	0.4997806671675522	0	0.0	0	-0.8222631812095642	0.04880806431174278	0.567010760307312	0.03914572298526764	0.9988065361976624	-0.0292088333517313	-0.56775963306427	-0.0018213018774986267	-0.8231923580169678
-0.4252527952194214	0.9325719475746155	0.2841448485851288	0.3389763832092285	0.6322904825210571	0.749318913294775	0	0.25068108670522504	1	0.0	0	-0.8053289651870728	0.23052245378494263	0.5461729168891907	0.1835574358701706	0.9729866981506348	-0.14001275599002838	-0.5636950135231018	-0.012502223253250122	-0.8258883953094482
-0.35810548067092896	0.9854071140289307	0.34701287746429443	0.36284491419792175	0.6046141982078552	0.5044360787271742	0	0.4955639212728257	1	0.0	0	-0.6925278902053833	0.10241837799549103	0.7140837907791138	0.0710422620177269	0.9947413206100464	-0.0737743154168129	-0.7178845405578613	-0.0003606453537940979	-0.6961621642112732
-0.36164775490760803	0.9325719475746155	0.3616478145122528	0.33888834714889526	0.6022803783416748	0.7454219366183135	0	0.2545780633816866	1	0.0	0	-0.6785882115364075	0.25653883814811707	0.688262939453125	0.1706509292125702	0.9664489030838013	-0.19197596609592438	-0.7144202589988708	-0.012819910421967506	-0.6995994448661804
-0.08262602239847183	0.018398689106106758	0.08262602984905243	0.029165729880332947	0.6031895279884338	1.0	0	0.0	0	0.0	0	-0.028662431985139847	-0.9991781115531921	0.02866240218281746	-0.49190542101860046	0.03906106576323509	0.8697719573974609	-0.8701767325401306	0.010830587707459927	-0.49262070655822754
-0.4164600968360901	0.379850834608078	0.41645991802215576	0.179737389087677	0.60274738073349	1.0	0	0.0	0	0.0	0	-0.6984850168228149	-0.15569324791431427	0.698482871055603	-0.11813796311616898	0.9877414703369141	0.10203123837709427	-0.7058060169219971	-0.011250048875808716	-0.7083157896995544
-0.2292112410068512	0.021330934017896652	-1.3933126652432293e-08	0.055739931762218475	0.7231531143188477	1.0	0	0.0	0	0.0	0	-0.11124005168676376	-0.9937936067581177	1.16061729116268e-08	-0.9937930107116699	0.11123999953269958	-0.0010660341940820217	0.0010594166815280914	-0.00011859722872031853	-0.999999463558197
-0.3842904567718506	0.2449120730161667	0.3842904567718506	0.14790064096450806	0.6028409600257874	1.0	0	0.0	0	0.0	0	-0.6347730755805969	-0.44059592485427856	0.6347743272781372	-0.31746041774749756	0.8976740837097168	0.3056144118309021	-0.7044728994369507	-0.007519916631281376	-0.7096911072731018
-0.33808666467666626	0.1483079493045807	0.3380867838859558	0.12153332680463791	0.6029182076454163	1.0	0	0.0	0	0.0	0	-0.5301083922386169	-0.6617911458015442	0.5301109552383423	-0.4465681314468384	0.749351978302002	0.48892587423324585	-0.7208064794540405	0.02245303988456726	-0.692772626876831
-0.476270854473114	0.6904579401016235	0.3182341456413269	0.25367629528045654	0.6325408220291138	1.0	0	0.0	0	0.0	0	-0.820572555065155	0.16136182844638824	0.5482910871505737	0.12739306688308716	0.9868221879005432	-0.0997648611664772	-0.5571640729904175	-0.012015821412205696	-0.8303155899047852
-0.3837037980556488	0.8212189674377441	0.3837037980556488	0.2950189411640167	0.6024089455604553	1.0	0	0.0	0	0.0	0	-0.6852014064788818	0.24698765575885773	0.6851978898048401	0.18153013288974762	0.9689726233482361	-0.16774654388427734	-0.7053692936897278	0.009443894028663635	-0.7087770700454712
-0.405035138130188	0.6904579401016235	0.40503522753715515	0.2535882294178009	0.6025305986404419	1.0	0	0.0	0	0.0	0	-0.6978391408920288	0.16136179864406586	0.6978415846824646	0.10548144578933716	0.9868221879005432	-0.12270164489746094	-0.7084448933601379	-0.012016670778393745	-0.7056637406349182
-0.2136625200510025	0.03512470796704292	0.21366249024868011	0.07264702767133713	0.6030616760253906	1.0	0	0.0	0	0.0	0	-0.20198754966259003	-0.9583331346511841	0.2019866704940796	-0.7149254679679871	0.28523415327072144	0.6383752822875977	-0.6693897247314453	-0.015461551025509834	-0.7427505254745483
-0.16207684576511383	0.021330934017896652	0.16207681596279144	0.05538758262991905	0.6031124591827393	1.0	0	0.0	0	0.0	0	-0.07865648716688156	-0.9937939047813416	0.07865678519010544	-0.6528065800666809	0.11097778379917145	0.749351441860199	-0.7534299492835999	0.007593686692416668	-0.657484233379364
-0.29750606417655945	0.09917080402374268	0.29750603437423706	0.10400819033384323	0.6029696464538574	1.0	0	0.0	0	0.0	0	-0.43455737829208374	-0.7888739109039307	0.434554785490036	-0.5835950374603271	0.6141344904899597	0.5312774777412415	-0.6859859824180603	-0.022733481600880623	-0.7272595763206482
-0.2584187388420105	0.06047242879867554	0.2584187984466553	0.08850729465484619	0.603015124797821	1.0	0	0.0	0	0.0	0	-0.34031346440315247	-0.876568615436554	0.3403148949146271	-0.5909183025360107	0.48088836669921875	0.6477360129356384	-0.7314385771751404	0.019334986805915833	-0.6816332340240479
-0.32636916637420654	0.5425665378570557	0.48844602704048157	0.21464180946350098	0.5726344585418701	1.0	0	0.0	0	0.0	0	-0.5547648668289185	0.05382230877876282	0.8302645087242126	0.02980276383459568	0.998550534248352	-0.044817958027124405	-0.8314732909202576	-0.00011925213038921356	-0.555564820766449
-0.41538918018341064	0.5425665378570557	0.41538920998573303	0.2147299200296402	0.6026446223258972	1.0	0	0.0	0	0.0	0	-0.7060819864273071	0.053822051733732224	0.706081748008728	0.03797426447272301	0.998550534248352	-0.03814161568880081	-0.7071111798286438	-0.00011817181075457484	-0.707102358341217
-0.32721060514450073	0.37985074520111084	0.4897051751613617	0.1796492338180542	0.5727372169494629	1.0	0	0.0	0	0.0	0	-0.5487962961196899	-0.15569350123405457	0.8213295340538025	-0.09596133232116699	0.9877413511276245	0.1231195256114006	-0.8304300308227539	-0.011248335242271423	-0.5570093393325806
-0.3019350469112396	0.2449120432138443	0.45187777280807495	0.14781251549720764	0.5728305578231812	1.0	0	0.0	0	0.0	0	-0.4987373948097229	-0.4405961036682129	0.7464155554771423	-0.2517356872558594	0.8976739645004272	0.3616774380207062	-0.8293914794921875	-0.007517367601394653	-0.558617353439331
-0.2656330168247223	0.1483079493045807	0.3975479304790497	0.12144525349140167	0.5729078650474548	1.0	0	0.0	0	0.0	0	-0.4165027141571045	-0.6617909073829651	0.6233444809913635	-0.34260520339012146	0.7493522763252258	0.5666505694389343	-0.8421087265014648	0.022450445219874382	-0.5388402342796326
-0.1678735762834549	0.03512470796704292	0.2512405216693878	0.07255895435810089	0.5730515718460083	1.0	0	0.0	0	0.0	0	-0.1587008237838745	-0.9583331346511841	0.23751124739646912	-0.5766485929489136	0.28523409366607666	0.7655835151672363	-0.801430344581604	-0.015461789444088936	-0.5978883504867554
-0.12734295427799225	0.021330934017896652	0.19058221578598022	0.05529947951436043	0.5731022357940674	1.0	0	0.0	0	0.0	0	-0.061799030750989914	-0.9937940239906311	0.09248924255371094	-0.5283980965614319	0.1111912727355957	0.841684103012085	-0.8467446565628052	0.003144123125821352	-0.5319904088973999
-0.3014741539955139	0.8212189674377441	0.45118793845176697	0.29493075609207153	0.572398841381073	1.0	0	0.0	0	0.0	0	-0.5383596420288086	0.24698759615421295	0.8057085275650024	0.1453152894973755	0.9689726233482361	-0.19993874430656433	-0.8300918936729431	0.009442814625799656	-0.5575467944145203
-0.31823402643203735	0.6904579401016235	0.4762709438800812	0.2535001039505005	0.57252037525177	1.0	0	0.0	0	0.0	0	-0.5482876896858215	0.16136176884174347	0.8205747604370117	0.07951705902814865	0.9868221879005432	-0.14092214405536652	-0.8325008749961853	-0.012016179040074348	-0.553893506526947
-0.23374904692173004	0.09917080402374268	0.34983015060424805	0.10392012447118759	0.5729594826698303	1.0	0	0.0	0	0.0	0	-0.3414299190044403	-0.7888738512992859	0.5109832286834717	-0.46873632073402405	0.6141346096992493	0.6349213123321533	-0.8146852254867554	-0.022735239937901497	-0.579457700252533
-0.4781266748905182	0.1483081579208374	6.080220771309541e-08	0.12188570201396942	0.7229588031768799	1.0	0	0.0	0	0.0	0	-0.7496892809867859	-0.6617899537086487	1.495772494308767e-06	-0.6614930629730225	0.7493530511856079	0.029948217794299126	-0.019820552319288254	0.022450869902968407	-0.9995514154434204
-0.06491886079311371	0.018398689106106758	0.09715793281793594	0.029077596962451935	0.573179304599762	1.0	0	0.0	0	0.0	0	-0.022519972175359726	-0.9991781711578369	0.03370344266295433	-0.33264803886413574	0.0392799898982048	0.9422327280044556	-0.9427821040153503	0.01000766921788454	-0.3332592248916626
-0.04471689090132713	0.018398689106106758	0.10795612633228302	0.028989523649215698	0.5431690216064453	1.0	0	0.0	0	0.0	0	-0.015511934645473957	-0.9991781711578369	0.03744916245341301	-0.2169179767370224	0.03992453217506409	0.9753730893135071	-0.976066529750824	0.007006525993347168	-0.21735899150371552
-0.2076590210199356	0.8212189674377441	0.5013331174850464	0.2948426902294159	0.5423886775970459	1.0	0	0.0	0	0.0	0	-0.37082943320274353	0.24698731303215027	0.8952557444572449	0.10351715981960297	0.9689726829528809	-0.22444622218608856	-0.9229137301445007	0.009443067014217377	-0.38489100337028503
-0.284144788980484	0.9325719475746155	0.42525285482406616	0.3388002812862396	0.5722699761390686	0.7423170160346287	0	0.2576829839653713	1	0.0	0	-0.528265118598938	0.28099462389945984	0.8012352585792542	0.1430301070213318	0.9596163034439087	-0.24223747849464417	-0.8369458317756653	-0.013364851474761963	-0.5471225380897522
-0.21920336782932281	0.6904579401016235	0.5292038917541504	0.25341200828552246	0.5425100922584534	1.0	0	0.0	0	0.0	0	-0.3776668310165405	0.1613619327545166	0.9117730855941772	0.05049627646803856	0.9868221879005432	-0.1537276804447174	-0.9245637059211731	-0.012016704306006432	-0.38083818554878235
-0.4207371175289154	0.09917080402374268	-1.3743569837743053e-08	0.10436054319143295	0.7230104207992554	1.0	0	0.0	0	0.0	0	-0.6145563721656799	-0.7888728976249695	-1.5812120182090439e-06	-0.7883329391479492	0.6141356825828552	-0.0369955375790596	0.029185747727751732	-0.022734597325325012	-0.9993155002593994
-0.19380532205104828	0.9854071140289307	0.4533942937850952	0.3625556528568268	0.5439091920852661	0.5006592267843264	0	0.49934077321567355	1	0.0	0	-0.3660740852355957	0.19722910225391388	0.9094451069831848	0.07519804686307907	0.9803560376167297	-0.18233829736709595	-0.927542507648468	0.0016391726676374674	-0.3737142086029053
-0.1957223117351532	0.9325719475746155	0.4725155830383301	0.338712215423584	0.5422598123550415	0.7431241854950865	0	0.2568758145049134	1	0.0	0	-0.3611549735069275	0.30044832825660706	0.8827785849571228	0.10000148415565491	0.9536928534507751	-0.2836718261241913	-0.9271283149719238	-0.0141703300178051	-0.37447619438171387
-0.11563332378864288	0.03512470796704292	0.27916353940963745	0.07247088104486465	0.5430412292480469	1.0	0	0.0	0	0.0	0	-0.10931563377380371	-0.9583331346511841	0.26390841603279114	-0.4162086844444275	0.28523415327072144	0.8633723258972168	-0.9026740193367004	-0.015460878610610962	-0.4300471246242523
-0.203038290143013	0.06047242879867554	0.3038683831691742	0.08841925114393234	0.5730049014091492	1.0	0	0.0	0	0.0	0	-0.2673819959163666	-0.8765687346458435	0.4001676142215729	-0.4531969428062439	0.48088812828063965	0.7505725026130676	-0.8503642678260803	0.0193348228931427	-0.52583909034729
-0.2813616991043091	0.9854071140289307	0.40804409980773926	0.36269667744636536	0.5744346380233765	0.5208229453409707	0	0.4791770546590293	1	0.0	0	-0.5376013517379761	0.15450419485569	0.8289230465888977	0.08498826622962952	0.9879915118217468	-0.12903372943401337	-0.8389051556587219	0.0010800212621688843	-0.5442765951156616
-0.20797650516033173	0.2449120730161667	0.5020996332168579	0.1477244347333908	0.542820394039154	1.0	0	0.0	0	0.0	0	-0.3435359597206116	-0.44059622287750244	0.8293720483779907	-0.17633964121341705	0.8976739048957825	0.4038389325141907	-0.9224356412887573	-0.007517979480326176	-0.386077880859375
-0.18297114968299866	0.1483079493045807	0.4417315423488617	0.12135719507932663	0.5428977608680725	1.0	0	0.0	0	0.0	0	-0.28689131140708923	-0.6617909073829651	0.6926226615905762	-0.22547274827957153	0.7493521571159363	0.6226021647453308	-0.9310507774353027	0.022451626136898994	-0.3641984164714813
-0.16100916266441345	0.09917080402374268	0.3887104094028473	0.10383205115795135	0.5429492592811584	1.0	0	0.0	0	0.0	0	-0.23518139123916626	-0.7888738512992859	0.5677745342254639	-0.3358628451824188	0.6141346096992493	0.7141672968864441	-0.912077784538269	-0.022735506296157837	-0.40938639640808105
-0.08771535009145737	0.021330934017896652	0.21176360547542572	0.05521140620112419	0.5430920124053955	1.0	0	0.0	0	0.0	0	-0.04256906732916832	-0.9937937259674072	0.1027713343501091	-0.35379287600517273	0.11119352281093597	0.9286907911300659	-0.9343546032905579	0.0031737349927425385	-0.356330543756485
-0.13985516130924225	0.06047242879867554	0.3376403748989105	0.08833114802837372	0.5429947972297668	1.0	0	0.0	0	0.0	0	-0.18417535722255707	-0.8765687346458435	0.4446423053741455	-0.29805904626846313	0.4808882176876068	0.8245649337768555	-0.936610996723175	0.019334880635142326	-0.34983697533607483
-0.2248070389032364	0.5425665378570557	0.5427321195602417	0.21455375850200653	0.5426243543624878	1.0	0	0.0	0	0.0	0	-0.3821290135383606	0.05382256209850311	0.9225403070449829	0.02048523910343647	0.998550534248352	-0.04977184906601906	-0.9238818883895874	-0.00012080928718205541	-0.3826776444911957
-0.05894936993718147	0.03512466698884964	0.29635849595069885	0.07238280773162842	0.5130310654640198	1.0	0	0.0	0	0.0	0	-0.05572894215583801	-0.9583331346511841	0.28016412258148193	-0.23977522552013397	0.2852343022823334	0.9279812574386597	-0.9692276120185852	-0.015461001545190811	-0.24568036198616028
-0.022796466946601868	0.018398689106106758	0.114605613052845	0.02890145219862461	0.5131587982177734	1.0	0	0.0	0	0.0	0	-0.007907929830253124	-0.9991781711578369	0.039755936712026596	-0.10565575212240219	0.04036951810121536	0.9935829639434814	-0.9943712949752808	0.0036567403003573418	-0.10588816553354263
-0.2253866195678711	0.37985074520111084	0.5441312193870544	0.17956115305423737	0.5427271127700806	1.0	0	0.0	0	0.0	0	-0.3780181407928467	-0.15569350123405457	0.9126127362251282	-0.07009667903184891	0.9877414703369141	0.1394754946231842	-0.9231407642364502	-0.011246857233345509	-0.3842977285385132
-0.08208175748586655	0.09917080402374268	0.41265279054641724	0.1037440076470375	0.5129390358924866	1.0	0	0.0	0	0.0	0	-0.11989521235227585	-0.7888739109039307	0.602746307849884	-0.19007939100265503	0.6141344904899597	0.7659690976142883	-0.9744203090667725	-0.022733623161911964	-0.22358044981956482
-0.11460565030574799	0.5425665378570557	0.5761613845825195	0.21446572244167328	0.5126141309738159	1.0	0	0.0	0	0.0	0	-0.1948077231645584	0.05382300168275833	0.9793635606765747	0.007893300615251064	0.9985469579696655	-0.0533071905374527	-0.98080974817276	-0.0026542420964688063	-0.19494953751564026
-0.11490114033222198	0.37985074520111084	0.5776467323303223	0.1794731467962265	0.5127168297767639	1.0	0	0.0	0	0.0	0	-0.19271200895309448	-0.15569253265857697	0.9688250422477722	-0.04181477800011635	0.987738311290741	0.15041443705558777	-0.9803640246391296	-0.011524537578225136	-0.19685927033424377
-0.5889633297920227	0.379850834608078	-1.4550845151006797e-07	0.18008969724178314	0.7227879762649536	1.0	0	0.0	0	0.0	0	-0.9878054261207581	-0.15569356083869934	-1.1028106428057072e-06	-0.1556834578514099	0.9877413511276245	-0.01138816773891449	0.0017741536721587181	-0.011249122209846973	-0.9999351501464844
-0.04471690207719803	0.021330934017896652	0.2248070389032364	0.055123332887887955	0.5130817294120789	1.0	0	0.0	0	0.0	0	-0.021700605750083923	-0.9937940835952759	0.10909804701805115	-0.16607721149921417	0.11119089275598526	0.9798239469528198	-0.9858739972114563	0.0031440723687410355	-0.16745945811271667
-0.10602551698684692	0.2449120730161667	0.5330261588096619	0.1476363241672516	0.512810230255127	1.0	0	0.0	0	0.0	0	-0.17513254284858704	-0.4405962824821472	0.8804563879966736	-0.09416893869638443	0.8976739645004272	0.43048095703125	-0.9800310730934143	-0.007520423270761967	-0.19870240986347198
-0.09327786415815353	0.1483079493045807	0.46893975138664246	0.1212691217660904	0.512887716293335	1.0	0	0.0	0	0.0	0	-0.14625507593154907	-0.6617909073829651	0.7352837920188904	-0.0996757224202156	0.749352216720581	0.6546266078948975	-0.9842124581336975	0.022452516481280327	-0.1755610555410385
3.176477036959113e-08	0.09917080402374268	0.4207371175289154	0.10365590453147888	0.4829288423061371	1.0	0	0.0	0	0.0	0	-1.1456857009761734e-06	-0.7888743877410889	0.6145545840263367	-0.018649118021130562	0.6144477725028992	0.7887371778488159	-0.9998260736465454	-0.011459995992481709	-0.01471251342445612
-0.0712975338101387	0.06047242879867554	0.35843709111213684	0.08824307471513748	0.512984573841095	1.0	0	0.0	0	0.0	0	-0.09389130026102066	-0.8765684366226196	0.4720299243927002	-0.1314680278301239	0.4808887839317322	0.8668692111968994	-0.9868639707565308	0.01933463104069233	-0.16039198637008667
2.75914118219589e-08	0.06047242879867554	0.3654593229293823	0.08815500140190125	0.4829742908477783	1.0	0	0.0	0	0.0	0	1.639796778363234e-07	-0.8765694499015808	0.4812754988670349	0.021771328523755074	0.4811614155769348	0.8763617277145386	-0.999763011932373	0.010477862320840359	0.019084157422184944
4.103074857653155e-08	0.2449120730161667	0.543468713760376	0.14754824340343475	0.4827999770641327	1.0	0	0.0	0	0.0	0	-1.2103281044062442e-08	-0.44059860706329346	0.8977042436599731	-0.002291119657456875	0.8977018594741821	0.44059744477272034	-0.9999973773956299	-0.002056742552667856	-0.0010094749741256237
3.609757470712793e-08	0.1483079493045807	0.4781268537044525	0.12118104845285416	0.4828774631023407	1.0	0	0.0	0	0.0	0	3.959832781674777e-07	-0.6617927551269531	0.7496868968009949	0.01479566004127264	0.7496048212051392	0.661720335483551	-0.9998905658721924	0.011091849766671658	0.009791957214474678
2.2812782773939944e-08	0.03512466698884964	0.3021644651889801	0.07229474186897278	0.48302093148231506	1.0	0	0.0	0	0.0	0	-7.700757009843073e-07	-0.9583330154418945	0.28565341234207153	-0.024769090116024017	0.2855658233165741	0.9580390453338623	-0.9996932744979858	-0.007074637338519096	-0.023737257346510887
1.730496812513138e-08	0.021330934017896652	0.2292112559080124	0.05503523349761963	0.48307159543037415	1.0	0	0.0	0	0.0	0	7.0680798991418214e-09	-0.9937938451766968	0.11123732477426529	-0.000990245840512216	0.11123726516962051	0.9937933683395386	-0.9999995827674866	-0.00011015933705493808	-0.0009840995771810412
4.4465508608482196e-08	0.37985074520111084	0.588963508605957	0.17938503623008728	0.48270654678344727	1.0	0	0.0	0	0.0	0	5.93208710597537e-07	-0.15569405257701874	0.9878053069114685	-0.002737408271059394	0.9878016114234924	0.15569347143173218	-0.9999962449073792	-0.0027041188441216946	-0.00042561220470815897
-0.10586366057395935	0.8212189674377441	0.5322124361991882	0.29475465416908264	0.512378454208374	1.0	0	0.0	0	0.0	0	-0.189048632979393	0.24698765575885773	0.9503986835479736	0.05774138122797012	0.9689726233482361	-0.24032895267009735	-0.9802685976028442	0.009443473070859909	-0.1974443644285202
4.324567015601133e-08	0.690457820892334	0.5728062391281128	0.2532358467578888	0.48248985409736633	1.0	0	0.0	0	0.0	0	-1.9175995902287468e-08	0.161360964179039	0.9868954420089722	-0.003135677194222808	0.9868906140327454	-0.16136018931865692	-0.9999951720237732	-0.003094589104875922	0.0005059570539742708
4.435117162415736e-08	0.5425665378570557	0.5874490737915039	0.21437759697437286	0.48260390758514404	1.0	0	0.0	0	0.0	0	-5.992036449242732e-07	0.05382199585437775	0.998550534248352	-0.0023949581664055586	0.9985476732254028	-0.05382184311747551	-0.9999971985816956	-0.002391519257798791	0.00012830311607103795
-0.09880108386278152	0.9854071140289307	0.48132088780403137	0.36243048310279846	0.5131135582923889	0.5022332567582171	0	0.49776674324178294	1	0.0	0	-0.18544594943523407	0.2249634861946106	0.9565569758415222	0.04385480284690857	0.9743666648864746	-0.22064992785453796	-0.981675386428833	0.0010309815406799316	-0.1905580759048462
-0.09977833926677704	0.9325719475746155	0.501619815826416	0.3386240601539612	0.5122497081756592	0.736980957741361	0	0.263019042258639	1	0.0	0	-0.18341249227523804	0.3126212954521179	0.9320021271705627	0.04469696804881096	0.949756920337677	-0.30978068709373474	-0.9820193648338318	-0.015159979462623596	-0.18817049264907837
-0.11174888908863068	0.6904579401016235	0.5617998838424683	0.2533239722251892	0.512499988079071	1.0	0	0.0	0	0.0	0	-0.19253325462341309	0.16136258840560913	0.9679323434829712	0.02231886051595211	0.98685222864151	-0.16007719933986664	-0.9810366630554199	-0.009217037819325924	-0.1936033070087433
4.09681142343743e-08	0.8212189674377441	0.5426391363143921	0.294666588306427	0.48236826062202454	1.0	0	0.0	0	0.0	0	-8.59052363466617e-07	0.24698734283447266	0.9690187573432922	0.0035065626725554466	0.9690127372741699	-0.2469857931137085	-0.9999938011169434	0.0033977124840021133	-0.000866908929310739
3.705063988945767e-08	0.9854071140289307	0.49075058102607727	0.3623272776603699	0.48216965794563293	0.501304564417179	0	0.498695435582821	1	0.0	0	-3.1005530587435715e-08	0.2345801144838333	0.9720968008041382	-0.004317207727581263	0.9720878005027771	-0.2345779687166214	-0.9999907612800598	-0.004196751397103071	0.00101270095910877
3.861319086695403e-08	0.9325719475746155	0.5114471912384033	0.33853602409362793	0.4822394847869873	0.7467906099667732	0	0.2532093900332268	1	0.0	0	1.6922951999731595e-06	0.31669652462005615	0.948526918888092	-0.011018968187272549	0.948469340801239	-0.3166773021221161	-0.9999393224716187	-0.010451252572238445	0.003491274081170559
8.821995578500719e-09	0.018398689106106758	0.11685087531805038	0.028813408687710762	0.4831485450267792	1.0	0	0.0	0	0.0	0	-1.9567355735716774e-08	-0.9991781711578369	0.04053470119833946	-0.0005254173884168267	0.040534693747758865	0.9991780519485474	-0.9999999403953552	-2.1278085114317946e-05	-0.0005249864188954234
-0.36545929312705994	0.06047242879867554	2.555651690272498e-08	0.0888596773147583	0.7230557799339294	1.0	0	0.0	0	0.0	0	-0.4812767803668976	-0.8765687942504883	1.1571316917979857e-06	-0.8758609890937805	0.4808882474899292	0.04017744958400726	-0.035218846052885056	0.01933545619249344	-0.9991925358772278
-0.30216437578201294	0.03512470796704292	-1.941507399294551e-08	0.07299935072660446	0.7231023907661438	1.0	0	0.0	0	0.0	0	-0.2856523096561432	-0.9583333730697632	-8.622967015980976e-07	-0.958041250705719	0.2855652868747711	-0.024690138176083565	0.023661628365516663	-0.007051968947052956	-0.9996952414512634
-0.1168508231639862	0.018398689106106758	4.3594021725823495e-09	0.02951807901263237	0.7232301831245422	1.0	0	0.0	0	0.0	0	-0.040534719824790955	-0.9991781711578369	-9.931915734284757e-09	-0.8924329280853271	0.036204271018505096	0.4497252404689789	-0.4493555724620819	0.018229493871331215	-0.8931668996810913
-0.5434686541557312	0.24491220712661743	-2.779435348543302e-08	0.14825290441513062	0.7228814959526062	1.0	0	0.0	0	0.0	0	-0.8977053165435791	-0.44059640169143677	9.404150773661968e-07	-0.44058099389076233	0.8976738452911377	-0.008375969715416431	0.0036895780358463526	-0.007519566919654608	-0.9999649524688721
-0.4967065155506134	0.9829264283180237	0.09574057161808014	0.3620872497558594	0.6931504607200623	0.500017656972497	1	0.49998234302750294	0	0.0	0	-0.9789631366729736	-0.023742621764540672	0.20265112817287445	-0.023591700941324234	0.9997166991233826	0.003160553053021431	-0.20266875624656677	-0.0016868198290467262	-0.9792459011077881
9.566525349669064e-09	1.9902089834213257	0.12671247124671936	0.713387668132782	0.48113924264907837	1.0	1	0.0	0	0.0	0	-1.7916729211364668e-09	0.980805516242981	0.19498859345912933	-0.0005806664121337235	0.19498857855796814	-0.9808053374290466	-0.9999998211860657	-0.00011322509089950472	0.0005695204599760473
1.086458456498753e-15	2.0005836486816406	1.4390578506606744e-08	0.7436620593070984	0.48105037212371826	1.0	1	0.0	0	0.0	0	2.9764411380028832e-08	1.0	-1.5814674014791308e-08	-0.00032931039459072053	-1.5715874823740705e-08	-1.0	-1.0	2.9769619658281954e-08	0.00032931039459072053
-0.026391102001070976	1.9902089834213257	0.12427771836519241	0.7134019136428833	0.5131211280822754	1.0	1	0.0	0	0.0	0	-0.035499490797519684	0.9808842539787292	0.19132652878761292	0.06705983728170395	0.1933537721633911	-0.9788347482681274	-0.997117280960083	-0.021917806938290596	-0.07264189422130585
4.408493126106805e-08	1.3979952335357666	0.5839226245880127	0.512039303779602	0.48173028230667114	1.0	1	0.0	0	0.0	0	-1.2028713580747308e-09	0.0003069763770326972	0.9999999403953552	-0.0031304166186600924	0.9999950528144836	-0.0003069758240599185	-0.9999951124191284	-0.0031304163858294487	9.597609960110276e-07
-0.1191139966249466	1.2720866203308105	0.5609167814254761	0.47506654262542725	0.5138206481933594	1.0	1	0.0	0	0.0	0	-0.18020176887512207	-0.18868426978588104	0.9653629064559937	-0.04675416648387909	0.981963038444519	0.18320134282112122	-0.9825179576873779	-0.01212153397500515	-0.18577323853969574
4.31776854270538e-08	1.2720866203308105	0.571905791759491	0.4752121865749359	0.4818384051322937	1.0	1	0.0	0	0.0	0	-4.44954721956492e-08	-0.1882743090391159	0.9821164608001709	-0.0032738693989813328	0.9821112751960754	0.18827331066131592	-0.9999946355819702	-0.0032153127249330282	-0.0006164291989989579
1.7359244708359256e-08	1.958462119102478	0.22993016242980957	0.6876546740531921	0.48121482133865356	1.0	1	0.0	0	0.0	0	-1.1940348709771342e-09	0.9230395555496216	0.38470497727394104	-0.0010188678279519081	0.3847048282623291	-0.9230391383171082	-0.9999995231628418	-0.00039196465513668954	0.0009404548327438533
-0.04788881540298462	1.958462119102478	0.22551211714744568	0.6876055002212524	0.5131968259811401	1.0	1	0.0	0	0.0	0	-0.07025249302387238	0.9233438372612	0.3774929642677307	0.19802990555763245	0.3838053345680237	-0.9019299149513245	-0.9776752591133118	0.011392065323889256	-0.2098129838705063
-0.1129494234919548	1.171338438987732	0.5318877100944519	0.44213247299194336	0.5139172673225403	1.0	1	0.0	0	0.0	0	-0.1718011498451233	-0.35045939683914185	0.9206859469413757	-0.07823183387517929	0.93648362159729	0.3418746292591095	-0.9820204377174377	-0.013292497023940086	-0.1883060485124588
4.094311378821658e-08	1.171338438987732	0.54230797290802	0.4422130882740021	0.4819352328777313	1.0	1	0.0	0	0.0	0	-6.829497323224132e-08	-0.3497569262981415	0.9368404746055603	-0.0033437039237469435	0.9368352890014648	0.3497549593448639	-0.9999944567680359	-0.0031324932351708412	-0.0011695476714521646
2.5068029430030947e-08	1.9051084518432617	0.3320361077785492	0.6600179076194763	0.48129603266716003	1.0	1	0.0	0	0.0	0	2.399965337573917e-09	0.8239082098007202	0.5667232871055603	-0.0014712397241964936	0.5667227506637573	-0.8239073157310486	-0.9999988675117493	-0.0008337837061844766	0.0012121677864342928
-0.06915499269962311	1.9051084518432617	0.32565611600875854	0.6599077582359314	0.5132780075073242	1.0	1	0.0	0	0.0	0	-0.10362891852855682	0.8244935274124146	0.5563015937805176	0.1781126707792282	0.5656551122665405	-0.8051772117614746	-0.9785382151603699	0.015644723549485207	-0.2054709792137146
-0.10578466951847076	1.0966957807540894	0.4981479048728943	0.4140057861804962	0.5139997601509094	1.0	1	0.0	0	0.0	0	-0.1661645621061325	-0.422619104385376	0.8909447193145752	-0.08929675817489624	0.9062419533729553	0.413221150636673	-0.9820465445518494	-0.010895765386521816	-0.18832378089427948
3.834593442775258e-08	1.0966957807540894	0.5079072713851929	0.4140200912952423	0.4820179343223572	1.0	1	0.0	0	0.0	0	-8.688466834883002e-08	-0.42180702090263367	0.9066856503486633	-0.003526126267388463	0.9066799879074097	0.42180439829826355	-0.9999938011169434	-0.0031970515847206116	-0.0014874236658215523
3.155303573976198e-08	1.830912709236145	0.4179325997829437	0.6327829360961914	0.48137587308883667	1.0	1	0.0	0	0.0	0	-1.2571940821715089e-08	0.6944164633750916	0.7195733785629272	-0.0018793895142152905	0.719572126865387	-0.6944152116775513	-0.9999982118606567	-0.0013523672241717577	0.001305069774389267
